5 562
6 629
7 721
8 757
9 846
10 871
11 950
12 1001
13 1082
14 1115
15 1153
16 1158
17 1255
18 1291
19 1311
20 1381
21 1459
22 1493
23 1532
24 1603
25 1577
26 1667
27 1678
28 1787
29 1733
30 1874
31 1897
32 1918
33 1951
34 2008
35 2009
36 2061
37 2152
38 2208
39 2267
40 2220
41 2363
42 2338
43 2388
44 2452
45 2490
46 2526
47 2501
48 2513
49 2613
50 2699
51 2798
52 2740
53 2902
54 2819
55 2910
56 2991
57 3007
58 3067
59 3087
60 3131
61 3086
62 3294
63 3220
64 3277
65 3295
66 3456
67 3382
68 3472
69 3478
70 3550
71 3593
72 3726
73 3768
74 3708
75 3948
76 3756
77 3882
78 4023
79 3943
80 4101
81 4096
82 4203
83 4285
84 4237
85 4270
86 4312
87 4466
88 4374
89 4508
90 4528
91 4551
92 4543
93 4599
94 4698
95 4757
96 4766
97 4748
98 4866
99 4825
100 5062
101 5029
102 5022
103 5074
104 5093
105 5043
106 5210
107 5250
108 5415
109 5300
110 5337
111 5324
112 5482
113 5274
114 5557
115 5571
116 5910
117 5504
118 5616
119 5799
120 5829
121 5968
122 5964
123 5860
124 5805
125 5779
126 6062
127 6078
128 5906
129 6099
130 6236
131 6315
132 6344
133 6246
134 6366
135 6347
136 6451
137 6227
138 6513
139 6591
140 6466
141 6409
142 6315
143 7072
144 6588
145 6798
146 6765
147 6705
148 6821
149 6621
150 6879
151 6852
152 6838
153 6749
154 7110
155 7127
156 6957
157 7128
158 6996
159 7086
160 7079
161 7140
162 7219
163 7076
164 7417
165 7252
166 7534
167 7336
168 7289
169 7211
170 7473
171 7486
172 7256
173 7563
174 7641
175 7569
176 7460
177 7568
178 7408
179 7328
180 7681
181 7814
182 7557
183 7346
184 7455
185 7833
186 7750
187 7574
188 7698
189 7757
190 7590
191 7884
192 7722
193 7660
194 7514
195 7552
196 7857
197 7949
198 7870
199 7570
200 7901
201 7957
202 7517
203 7683
204 7999
205 7524
206 7894
207 7607
208 8206
209 7876
210 7942
211 7951
212 7963
213 7698
214 7780
215 7980
216 7844
217 7825
218 8129
219 7852
220 7810
221 7634
222 7923
223 7821
224 7748
225 7795
226 8019
227 8050
228 8254
229 7746
230 7934
231 7855
232 7892
233 7944
234 7726
235 8027
236 7857
237 7589
238 8180
239 7956
240 7715
241 7821
242 7772
243 7916
244 7988
245 7876
246 7969
247 8051
248 7736
249 7720
250 7838
251 8012
252 7849
253 8004
254 7818
255 7775
256 7731
257 7739
258 7762
259 7767
260 8113
261 7937
262 7507
263 7899
264 7603
265 7738
266 7816
267 7717
268 7553
269 7718
270 7853
271 7738
272 7842
273 7502
274 7627
275 7886
276 7670
277 7603
278 7791
279 7367
280 7623
281 7589
282 8123
283 7629
284 7488
285 7601
286 7886
287 7366
288 7597
289 7666
290 7649
291 7274
292 7568
293 7425
294 7606
295 7697
296 7786
297 7441
298 7347
299 7667
300 7445
301 7384
302 7582
303 7602
304 7472
305 7518
306 7662
307 7505
308 7377
309 7234
310 7435
311 7331
312 7284
313 7243
314 7480
315 7153
316 7428
317 7529
318 7125
319 7394
320 7394
321 7175
322 7311
323 7316
324 7464
325 7168
326 7507
327 7530
328 7102
329 7303
330 7387
331 7301
332 7304
333 7134
334 7264
335 7435
336 7212
337 7095
338 7291
339 7118
340 7266
341 7158
342 7130
343 7375
344 7010
345 7254
346 7153
347 7089
348 7166
349 6865
350 7164
351 7276
352 7046
353 6892
354 6771
355 7064
356 7202
357 7122
358 7122
359 6892
360 7022
361 6952
362 7027
363 6998
364 6974
365 6961
366 6856
367 6820
368 6812
369 7050
370 6910
371 7144
372 6996
373 6960
374 6992
375 6834
376 6756
377 6825
378 6935
379 6762
380 6962
381 7173
382 6719
383 6945
384 6935
385 7073
386 6771
387 6842
388 6974
389 6863
390 6660
391 6713
392 6815
393 6923
394 6974
395 6676
396 6803
397 6756
398 6573
399 6779
400 7061
401 6882
402 6755
403 6607
404 6717
405 6754
406 6589
407 6919
408 6626
409 6615
410 6763
411 6785
412 6860
413 6475
414 6642
415 6715
416 6662
417 6621
418 6563
419 6665
420 6684
421 6495
422 6675
423 6624
424 6593
425 6593
426 6616
427 6661
428 6845
429 6402
430 6588
431 6470
432 6467
433 6381
434 6527
435 6519
436 6434
437 6797
438 6668
439 6526
440 6411
441 6557
442 6409
443 6688
444 6391
445 6647
446 6513
447 6575
448 6604
449 6553
450 6513
451 6444
452 6349
453 6358
454 6381
455 6671
456 6445
457 6345
458 6356
459 6266
460 6263
461 6313
462 6262
463 6567
464 6525
465 6417
466 6397
467 6474
468 6391
469 6308
470 6309
471 6442
472 6365
473 6413
474 6395
475 6312
476 6344
477 6132
478 6285
479 6444
480 6302
481 6216
482 6193
483 6487
484 6273
485 6756
486 6349
487 6371
488 6062
489 6190
490 6354
491 6285
492 6251
493 6318
494 6364
495 6190
496 6224
497 6256
498 6341
499 6269
500 6393
