5 0.936
6 0.9384
7 0.9368
8 0.9352
9 0.9392
10 0.9376
11 0.9344
12 0.936
13 0.9344
14 0.9352
15 0.9344
16 0.9352
17 0.9368
18 0.9352
19 0.9312
20 0.9312
21 0.9352
22 0.9352
23 0.9336
24 0.9288
25 0.9296
26 0.9312
27 0.9304
28 0.9296
29 0.9296
30 0.928
31 0.9264
32 0.9256
33 0.9288
34 0.9272
35 0.9272
36 0.9264
37 0.9248
38 0.9224
39 0.9224
40 0.9184
41 0.9176
42 0.92
43 0.92
44 0.9184
45 0.9168
46 0.9144
47 0.9168
48 0.9136
49 0.9152
50 0.9136
51 0.9144
52 0.9136
53 0.9128
54 0.9112
55 0.9112
56 0.9112
57 0.9104
58 0.9064
59 0.9024
60 0.904
61 0.9056
62 0.908
63 0.9008
64 0.904
65 0.904
66 0.9016
67 0.8936
68 0.8968
69 0.8984
70 0.8952
71 0.8976
72 0.8936
73 0.8976
74 0.8904
75 0.892
76 0.892
77 0.8896
78 0.892
79 0.8928
80 0.8864
81 0.8888
82 0.8816
83 0.8864
84 0.8832
85 0.8832
86 0.8824
87 0.8816
88 0.8808
89 0.8832
90 0.8704
91 0.8776
92 0.8784
93 0.876
94 0.8816
95 0.8768
96 0.8752
97 0.8752
98 0.8688
99 0.8712
100 0.8768
101 0.8656
102 0.8664
103 0.8648
104 0.8712
105 0.868
106 0.864
107 0.86
108 0.8648
109 0.864
110 0.8544
111 0.8592
112 0.8528
113 0.8504
114 0.8552
115 0.8584
116 0.8528
117 0.8584
118 0.8536
119 0.8512
120 0.8568
121 0.8472
122 0.8464
123 0.8488
124 0.8464
125 0.852
126 0.8464
127 0.8496
128 0.848
129 0.8472
130 0.8512
131 0.844
132 0.8424
133 0.84
134 0.836
135 0.8424
136 0.8336
137 0.8328
138 0.8296
139 0.84
140 0.8392
141 0.8392
142 0.82
143 0.8384
144 0.8376
145 0.8304
146 0.8336
147 0.8272
148 0.8288
149 0.8248
150 0.8192
151 0.8248
152 0.828
153 0.8312
154 0.8208
155 0.8304
156 0.832
157 0.8304
158 0.8256
159 0.8192
160 0.8272
161 0.8192
162 0.8136
163 0.8232
164 0.8152
165 0.8208
166 0.828
167 0.8184
168 0.8168
169 0.8312
170 0.82
171 0.8128
172 0.816
173 0.816
174 0.8192
175 0.824
176 0.8168
177 0.8168
178 0.8072
179 0.8176
180 0.812
181 0.816
182 0.8152
183 0.8144
184 0.8128
185 0.8136
186 0.8112
187 0.8152
188 0.8104
189 0.82
190 0.8144
191 0.8096
192 0.8168
193 0.8112
194 0.8104
195 0.804
196 0.8192
197 0.8184
198 0.816
199 0.8072
200 0.8104
201 0.8104
202 0.8192
203 0.8064
204 0.8152
205 0.8032
206 0.8184
207 0.8072
208 0.804
209 0.8072
210 0.8096
211 0.8216
212 0.8176
213 0.8152
214 0.8128
215 0.804
216 0.8264
217 0.8104
218 0.8032
219 0.808
220 0.8072
221 0.8064
222 0.816
223 0.8128
224 0.8128
225 0.8144
226 0.8088
227 0.8192
228 0.8064
229 0.8112
230 0.8088
231 0.812
232 0.8128
233 0.82
234 0.8136
235 0.8128
236 0.8112
237 0.8048
238 0.8232
239 0.8064
240 0.8112
241 0.8072
242 0.8064
243 0.8032
244 0.8192
245 0.812
246 0.8256
247 0.7984
248 0.8152
249 0.8136
250 0.8152
251 0.8184
252 0.8096
253 0.8176
254 0.8216
255 0.8192
256 0.8112
257 0.82
258 0.8216
259 0.8144
260 0.8232
261 0.8192
262 0.8192
263 0.816
264 0.8168
265 0.8104
266 0.8152
267 0.8136
268 0.812
269 0.8144
270 0.8296
271 0.8232
272 0.8232
273 0.8192
274 0.8208
275 0.816
276 0.8192
277 0.8224
278 0.8136
279 0.8232
280 0.82
281 0.8208
282 0.8216
283 0.8192
284 0.8256
285 0.8152
286 0.816
287 0.8208
288 0.8232
289 0.828
290 0.8224
291 0.8264
292 0.8192
293 0.8256
294 0.828
295 0.824
296 0.824
297 0.8232
298 0.8272
299 0.8232
300 0.832
301 0.8272
302 0.8216
303 0.8384
304 0.8184
305 0.8216
306 0.8216
307 0.8288
308 0.8256
309 0.832
310 0.8288
311 0.8312
312 0.8216
313 0.8336
314 0.8272
315 0.8224
316 0.8216
317 0.828
318 0.8216
319 0.816
320 0.8288
321 0.832
322 0.8304
323 0.832
324 0.8288
325 0.836
326 0.832
327 0.8352
328 0.8408
329 0.832
330 0.836
331 0.8352
332 0.8336
333 0.8352
334 0.8312
335 0.828
336 0.8288
337 0.8312
338 0.8376
339 0.8328
340 0.836
341 0.8312
342 0.836
343 0.8352
344 0.832
345 0.8272
346 0.8384
347 0.836
348 0.8368
349 0.8392
350 0.836
351 0.8368
352 0.8432
353 0.8376
354 0.8432
355 0.8376
356 0.8456
357 0.836
358 0.8344
359 0.84
360 0.832
361 0.8392
362 0.836
363 0.8448
364 0.8408
365 0.8344
366 0.844
367 0.8408
368 0.8376
369 0.8376
370 0.8368
371 0.8432
372 0.84
373 0.8416
374 0.8416
375 0.8384
376 0.8384
377 0.8424
378 0.8392
379 0.844
380 0.8488
381 0.8424
382 0.84
383 0.8488
384 0.848
385 0.84
386 0.8456
387 0.844
388 0.8472
389 0.8456
390 0.8512
391 0.844
392 0.8424
393 0.8416
394 0.8384
395 0.8472
396 0.8488
397 0.8488
398 0.8536
399 0.8448
400 0.8472
401 0.8472
402 0.8464
403 0.844
404 0.8512
405 0.848
406 0.848
407 0.8472
408 0.8576
409 0.8536
410 0.8432
411 0.848
412 0.8408
413 0.8552
414 0.8488
415 0.8568
416 0.8472
417 0.8488
418 0.8488
419 0.8528
420 0.856
421 0.8552
422 0.8568
423 0.8496
424 0.8448
425 0.8528
426 0.852
427 0.8544
428 0.8464
429 0.8496
430 0.8456
431 0.8472
432 0.8464
433 0.852
434 0.8536
435 0.8544
436 0.8608
437 0.8528
438 0.8552
439 0.8536
440 0.8456
441 0.848
442 0.8496
443 0.852
444 0.8472
445 0.8528
446 0.8504
447 0.856
448 0.8592
449 0.8552
450 0.8576
451 0.856
452 0.8472
453 0.86
454 0.852
455 0.8528
456 0.8576
457 0.8576
458 0.864
459 0.8544
460 0.8536
461 0.8544
462 0.8552
463 0.86
464 0.852
465 0.8592
466 0.8544
467 0.8568
468 0.8608
469 0.8624
470 0.86
471 0.8504
472 0.8584
473 0.8544
474 0.8624
475 0.8552
476 0.8584
477 0.8592
478 0.8656
479 0.8608
480 0.8616
481 0.8592
482 0.8656
483 0.8608
484 0.8568
485 0.8608
486 0.8592
487 0.8584
488 0.856
489 0.8552
490 0.8568
491 0.8576
492 0.8568
493 0.8616
494 0.8576
495 0.86
496 0.8568
497 0.8608
498 0.8632
499 0.8592
500 0.8576
