5 0.882
6 0.8816
7 0.8824
8 0.8828
9 0.884
10 0.8816
11 0.884
12 0.8804
13 0.8812
14 0.8856
15 0.8808
16 0.8788
17 0.8748
18 0.8756
19 0.8776
20 0.8784
21 0.8772
22 0.8748
23 0.874
24 0.874
25 0.8728
26 0.8712
27 0.8696
28 0.8656
29 0.8636
30 0.8664
31 0.8652
32 0.8656
33 0.8596
34 0.8628
35 0.8576
36 0.86
37 0.8548
38 0.8616
39 0.8536
40 0.854
41 0.8552
42 0.85
43 0.8488
44 0.8508
45 0.85
46 0.8448
47 0.846
48 0.8432
49 0.8388
50 0.8416
51 0.8388
52 0.8404
53 0.8332
54 0.8336
55 0.8372
56 0.8352
57 0.832
58 0.8288
59 0.834
60 0.8248
61 0.8228
62 0.8304
63 0.8292
64 0.8212
65 0.8232
66 0.8192
67 0.8196
68 0.8204
69 0.8172
70 0.8172
71 0.812
72 0.812
73 0.8052
74 0.812
75 0.804
76 0.806
77 0.8032
78 0.8032
79 0.794
80 0.7968
81 0.7984
82 0.8
83 0.8024
84 0.792
85 0.7928
86 0.7864
87 0.7904
88 0.7828
89 0.7884
90 0.7796
91 0.79
92 0.7852
93 0.772
94 0.782
95 0.7788
96 0.7796
97 0.7768
98 0.7756
99 0.7692
100 0.77
101 0.7732
102 0.768
103 0.766
104 0.7596
105 0.766
106 0.7548
107 0.7548
108 0.7528
109 0.7604
110 0.7624
111 0.7516
112 0.7604
113 0.754
114 0.746
115 0.7496
116 0.7552
117 0.7396
118 0.746
119 0.7456
120 0.7412
121 0.74
122 0.7444
123 0.7388
124 0.736
125 0.74
126 0.7276
127 0.7416
128 0.73
129 0.7368
130 0.7268
131 0.7276
132 0.7272
133 0.7304
134 0.728
135 0.7256
136 0.7292
137 0.7228
138 0.7248
139 0.7176
140 0.716
141 0.7256
142 0.7104
143 0.7124
144 0.716
145 0.7136
146 0.7156
147 0.7124
148 0.7112
149 0.712
150 0.712
151 0.716
152 0.7144
153 0.6988
154 0.7028
155 0.6972
156 0.7044
157 0.7016
158 0.7
159 0.7044
160 0.7072
161 0.6984
162 0.6952
163 0.6964
164 0.6948
165 0.7
166 0.6892
167 0.6976
168 0.6976
169 0.6948
170 0.696
171 0.6996
172 0.6824
173 0.6988
174 0.6928
175 0.6892
176 0.69
177 0.6916
178 0.6948
179 0.6912
180 0.696
181 0.6812
182 0.69
183 0.6844
184 0.6932
185 0.6856
186 0.6812
187 0.6816
188 0.6928
189 0.6844
190 0.6816
191 0.6924
192 0.6816
193 0.6792
194 0.6808
195 0.6904
196 0.6788
197 0.6744
198 0.6852
199 0.6752
200 0.676
201 0.678
202 0.6792
203 0.674
204 0.6892
205 0.6944
206 0.68
207 0.6824
208 0.6812
209 0.6788
210 0.6744
211 0.6792
212 0.6836
213 0.6768
214 0.6784
215 0.6836
216 0.682
217 0.6776
218 0.6716
219 0.6792
220 0.6864
221 0.6804
222 0.6764
223 0.6828
224 0.6732
225 0.6856
226 0.6896
227 0.6892
228 0.6828
229 0.6864
230 0.6828
231 0.686
232 0.6944
233 0.6756
234 0.6776
235 0.6828
236 0.6876
237 0.69
238 0.684
239 0.6768
240 0.6756
241 0.6812
242 0.6864
243 0.6748
244 0.6884
245 0.6936
246 0.688
247 0.6904
248 0.6832
249 0.6916
250 0.6916
251 0.6936
252 0.6764
253 0.692
254 0.6824
255 0.682
256 0.6876
257 0.6892
258 0.6984
259 0.696
260 0.6976
261 0.6876
262 0.7
263 0.688
264 0.6924
265 0.6872
266 0.686
267 0.6872
268 0.6948
269 0.6968
270 0.6952
271 0.6888
272 0.6912
273 0.6968
274 0.6948
275 0.6948
276 0.6848
277 0.7008
278 0.6956
279 0.6976
280 0.6936
281 0.6968
282 0.7012
283 0.7044
284 0.7044
285 0.6984
286 0.7052
287 0.6928
288 0.7024
289 0.7024
290 0.6928
291 0.7028
292 0.7032
293 0.7036
294 0.7
295 0.7036
296 0.7072
297 0.6988
298 0.7048
299 0.6976
300 0.7004
301 0.706
302 0.7064
303 0.7028
304 0.706
305 0.714
306 0.7084
307 0.7048
308 0.7072
309 0.7076
310 0.7068
311 0.712
312 0.7112
313 0.6964
314 0.7168
315 0.7084
316 0.7
317 0.704
318 0.7108
319 0.7024
320 0.7068
321 0.7208
322 0.7108
323 0.7068
324 0.7072
325 0.7112
326 0.7212
327 0.7092
328 0.716
329 0.7156
330 0.7108
331 0.7084
332 0.7108
333 0.7164
334 0.7116
335 0.712
336 0.7136
337 0.7084
338 0.7248
339 0.7208
340 0.7208
341 0.714
342 0.7236
343 0.722
344 0.7204
345 0.7184
346 0.7228
347 0.724
348 0.716
349 0.7236
350 0.7216
351 0.7292
352 0.7224
353 0.7232
354 0.716
355 0.7244
356 0.7244
357 0.7256
358 0.7228
359 0.7228
360 0.7196
361 0.7252
362 0.736
363 0.7208
364 0.7272
365 0.7332
366 0.7292
367 0.7176
368 0.7228
369 0.7192
370 0.7244
371 0.7264
372 0.7276
373 0.7332
374 0.7268
375 0.7252
376 0.7396
377 0.7336
378 0.7292
379 0.7384
380 0.7312
381 0.7252
382 0.726
383 0.728
384 0.7352
385 0.7388
386 0.7348
387 0.7288
388 0.7276
389 0.7364
390 0.7356
391 0.73
392 0.7352
393 0.7308
394 0.7364
395 0.7392
396 0.7428
397 0.732
398 0.7308
399 0.7384
400 0.7356
401 0.7328
402 0.7404
403 0.7368
404 0.7388
405 0.732
406 0.738
407 0.7316
408 0.7432
409 0.7376
410 0.7336
411 0.7416
412 0.7396
413 0.7412
414 0.7388
415 0.7356
416 0.74
417 0.7448
418 0.7356
419 0.7484
420 0.7388
421 0.7348
422 0.7376
423 0.742
424 0.7416
425 0.74
426 0.7416
427 0.7484
428 0.7396
429 0.7472
430 0.7348
431 0.744
432 0.7472
433 0.7412
434 0.7512
435 0.7492
436 0.7484
437 0.7472
438 0.748
439 0.7452
440 0.746
441 0.7392
442 0.7532
443 0.7492
444 0.7424
445 0.7484
446 0.7508
447 0.7508
448 0.7488
449 0.7428
450 0.754
451 0.7468
452 0.756
453 0.7596
454 0.7472
455 0.7548
456 0.7524
457 0.7492
458 0.7524
459 0.7584
460 0.7556
461 0.7544
462 0.7524
463 0.7556
464 0.7484
465 0.7472
466 0.7556
467 0.7544
468 0.7588
469 0.7488
470 0.7516
471 0.7548
472 0.7528
473 0.7576
474 0.758
475 0.752
476 0.7584
477 0.7548
478 0.7608
479 0.7528
480 0.7632
481 0.7524
482 0.7536
483 0.758
484 0.758
485 0.754
486 0.7496
487 0.7588
488 0.7668
489 0.7524
490 0.7616
491 0.7548
492 0.76
493 0.7568
494 0.7528
495 0.7568
496 0.7568
497 0.754
498 0.7588
499 0.7556
500 0.7584
