5 0.10622
6 0.10884
7 0.1036
8 0.10516
9 0.0935
10 0.09676
11 0.10018
12 0.10084
13 0.09642
14 0.09788
15 0.0973
16 0.09766
17 0.0949
18 0.09582
19 0.0949
20 0.09638
21 0.09612
22 0.09452
23 0.09706
24 0.09568
25 0.09578
26 0.09624
27 0.09456
28 0.09648
29 0.09672
30 0.0944
31 0.09686
32 0.0956
33 0.0966
34 0.09782
35 0.09894
36 0.09984
37 0.1001
38 0.10236
39 0.10016
40 0.10294
41 0.10124
42 0.1012
43 0.09954
44 0.10068
45 0.10046
46 0.10154
47 0.10536
48 0.10174
49 0.10592
50 0.10316
51 0.1045
52 0.10552
53 0.10836
54 0.10594
55 0.10458
56 0.10806
57 0.10606
58 0.105
59 0.10744
60 0.10808
61 0.1084
62 0.10734
63 0.10832
64 0.11038
65 0.11072
66 0.11228
67 0.11242
68 0.11608
69 0.11342
70 0.11496
71 0.11398
72 0.11374
73 0.11496
74 0.11854
75 0.11708
76 0.11912
77 0.11708
78 0.11552
79 0.12038
80 0.12208
81 0.12008
82 0.12076
83 0.12014
84 0.12058
85 0.12362
86 0.12232
87 0.12308
88 0.12088
89 0.12492
90 0.1251
91 0.12418
92 0.12528
93 0.12602
94 0.12812
95 0.1273
96 0.1272
97 0.13034
98 0.12722
99 0.13106
100 0.13228
101 0.12954
102 0.12782
103 0.1301
104 0.1297
105 0.13384
106 0.1354
107 0.13348
108 0.13478
109 0.1349
110 0.13474
111 0.13574
112 0.13708
113 0.1382
114 0.13728
115 0.13436
116 0.1341
117 0.14338
118 0.1378
119 0.14132
120 0.14034
121 0.1396
122 0.1415
123 0.14144
124 0.14584
125 0.13894
126 0.14228
127 0.14422
128 0.14566
129 0.14554
130 0.14556
131 0.14426
132 0.14218
133 0.14996
134 0.1453
135 0.151
136 0.14508
137 0.14762
138 0.14772
139 0.14708
140 0.14952
141 0.1457
142 0.1455
143 0.15186
144 0.1516
145 0.15032
146 0.148
147 0.15266
148 0.1544
149 0.15396
150 0.14662
151 0.15272
152 0.1529
153 0.15726
154 0.15376
155 0.1512
156 0.15204
157 0.15476
158 0.15922
159 0.15652
160 0.15174
161 0.15256
162 0.15416
163 0.15402
164 0.15288
165 0.1581
166 0.15672
167 0.16102
168 0.15938
169 0.15606
170 0.15526
171 0.15706
172 0.16144
173 0.15978
174 0.15732
175 0.15926
176 0.15766
177 0.15954
178 0.15542
179 0.1629
180 0.15624
181 0.1604
182 0.16202
183 0.16032
184 0.16198
185 0.16106
186 0.161
187 0.16366
188 0.1567
189 0.15286
190 0.15982
191 0.15908
192 0.16144
193 0.16004
194 0.15832
195 0.15904
196 0.16238
197 0.16112
198 0.16206
199 0.1631
200 0.15826
201 0.16032
202 0.16352
203 0.1607
204 0.16014
205 0.15916
206 0.16068
207 0.15998
208 0.15922
209 0.15844
210 0.15562
211 0.15438
212 0.16142
213 0.15982
214 0.15844
215 0.1624
216 0.15748
217 0.16562
218 0.16458
219 0.15926
220 0.15646
221 0.15842
222 0.15922
223 0.15716
224 0.15944
225 0.16074
226 0.15962
227 0.15838
228 0.16008
229 0.15738
230 0.1538
231 0.15404
232 0.1533
233 0.15422
234 0.16018
235 0.16282
236 0.15768
237 0.1581
238 0.15722
239 0.15588
240 0.15734
241 0.15268
242 0.15394
243 0.15424
244 0.15222
245 0.16196
246 0.1559
247 0.15558
248 0.15218
249 0.15708
250 0.14754
251 0.15942
252 0.15588
253 0.15734
254 0.15466
255 0.15264
256 0.15784
257 0.15216
258 0.15564
259 0.15586
260 0.15944
261 0.15892
262 0.1512
263 0.15848
264 0.15264
265 0.152
266 0.15972
267 0.15532
268 0.15224
269 0.14782
270 0.15216
271 0.14844
272 0.15088
273 0.14982
274 0.15388
275 0.14876
276 0.15392
277 0.15234
278 0.15006
279 0.14962
280 0.1481
281 0.14914
282 0.1531
283 0.15162
284 0.14722
285 0.14616
286 0.151
287 0.14642
288 0.14958
289 0.1462
290 0.14982
291 0.14922
292 0.15034
293 0.14576
294 0.1489
295 0.1452
296 0.14436
297 0.1472
298 0.14216
299 0.14422
300 0.14474
301 0.14236
302 0.14546
303 0.14248
304 0.15006
305 0.1439
306 0.14526
307 0.14068
308 0.145
309 0.14314
310 0.14738
311 0.14076
312 0.14656
313 0.14466
314 0.1409
315 0.14594
316 0.14218
317 0.14322
318 0.14424
319 0.14486
320 0.14104
321 0.13952
322 0.14402
323 0.1378
324 0.13918
325 0.13866
326 0.14322
327 0.1431
328 0.14168
329 0.13898
330 0.14074
331 0.13936
332 0.14224
333 0.13984
334 0.14428
335 0.13916
336 0.13844
337 0.13472
338 0.13856
339 0.13564
340 0.14012
341 0.13948
342 0.14022
343 0.137
344 0.1386
345 0.13494
346 0.13636
347 0.13662
348 0.13762
349 0.13444
350 0.13676
351 0.13832
352 0.13452
353 0.13436
354 0.13746
355 0.1323
356 0.1346
357 0.1351
358 0.1355
359 0.13406
360 0.1374
361 0.13594
362 0.13498
363 0.13586
364 0.13812
365 0.13086
366 0.1333
367 0.13402
368 0.13114
369 0.13412
370 0.13146
371 0.1332
372 0.1303
373 0.13252
374 0.12842
375 0.1307
376 0.12898
377 0.13316
378 0.13208
379 0.1354
380 0.1294
381 0.13248
382 0.13018
383 0.12866
384 0.13244
385 0.13022
386 0.13412
387 0.12956
388 0.13088
389 0.13264
390 0.13236
391 0.1284
392 0.12946
393 0.1297
394 0.12816
395 0.12796
396 0.12872
397 0.13004
398 0.12816
399 0.1304
400 0.13076
401 0.12978
402 0.12992
403 0.1289
404 0.12894
405 0.12586
406 0.12728
407 0.12786
408 0.1295
409 0.12566
410 0.12698
411 0.12454
412 0.1254
413 0.12372
414 0.12638
415 0.12684
416 0.12696
417 0.12708
418 0.12166
419 0.12914
420 0.12664
421 0.12328
422 0.1226
423 0.1226
424 0.12094
425 0.12438
426 0.12552
427 0.12082
428 0.12678
429 0.12502
430 0.12326
431 0.12508
432 0.12456
433 0.1236
434 0.12452
435 0.12424
436 0.1198
437 0.12574
438 0.12008
439 0.12456
440 0.12208
441 0.12264
442 0.12484
443 0.1212
444 0.12436
445 0.12264
446 0.12218
447 0.1193
448 0.12254
449 0.12464
450 0.12184
451 0.12206
452 0.12208
453 0.12288
454 0.12274
455 0.11856
456 0.12188
457 0.116
458 0.1205
459 0.117
460 0.12218
461 0.1192
462 0.11786
463 0.12022
464 0.1165
465 0.12168
466 0.11796
467 0.1167
468 0.11978
469 0.12012
470 0.11932
471 0.12068
472 0.11784
473 0.1181
474 0.12082
475 0.11674
476 0.11798
477 0.11554
478 0.12114
479 0.11744
480 0.1153
481 0.11636
482 0.11672
483 0.11904
484 0.1187
485 0.11944
486 0.11594
487 0.11466
488 0.11458
489 0.11804
490 0.11534
491 0.11814
492 0.11772
493 0.11708
494 0.11798
495 0.11722
496 0.11648
497 0.11728
498 0.11488
499 0.1158
500 0.11634
