5 0.9664
6 0.9696
7 0.9696
8 0.968
9 0.9696
10 0.968
11 0.9696
12 0.9664
13 0.968
14 0.9648
15 0.9664
16 0.9664
17 0.9664
18 0.9648
19 0.9648
20 0.968
21 0.9648
22 0.9648
23 0.9616
24 0.9648
25 0.9664
26 0.9616
27 0.9616
28 0.9616
29 0.9632
30 0.9616
31 0.9616
32 0.96
33 0.9632
34 0.96
35 0.9584
36 0.9584
37 0.9584
38 0.9616
39 0.9568
40 0.96
41 0.9584
42 0.9568
43 0.9584
44 0.9536
45 0.9584
46 0.9568
47 0.952
48 0.9552
49 0.9552
50 0.9536
51 0.9568
52 0.9504
53 0.9504
54 0.9536
55 0.9504
56 0.9504
57 0.9536
58 0.952
59 0.9504
60 0.9504
61 0.9488
62 0.9472
63 0.9488
64 0.9472
65 0.9472
66 0.944
67 0.944
68 0.944
69 0.944
70 0.944
71 0.9456
72 0.944
73 0.9472
74 0.9424
75 0.944
76 0.9392
77 0.9408
78 0.9424
79 0.9424
80 0.9408
81 0.9376
82 0.9408
83 0.9376
84 0.9392
85 0.936
86 0.9408
87 0.9376
88 0.936
89 0.9376
90 0.9328
91 0.936
92 0.936
93 0.9344
94 0.9344
95 0.9344
96 0.9344
97 0.9296
98 0.9296
99 0.9312
100 0.928
101 0.9344
102 0.9248
103 0.9312
104 0.9264
105 0.928
106 0.9312
107 0.9248
108 0.9232
109 0.928
110 0.9216
111 0.9216
112 0.9232
113 0.9232
114 0.92
115 0.9248
116 0.9216
117 0.9248
118 0.9184
119 0.92
120 0.9184
121 0.9168
122 0.9216
123 0.9232
124 0.9168
125 0.9104
126 0.9168
127 0.9216
128 0.9136
129 0.9104
130 0.9168
131 0.92
132 0.912
133 0.9088
134 0.9136
135 0.9152
136 0.9104
137 0.9104
138 0.9136
139 0.9088
140 0.9072
141 0.9168
142 0.912
143 0.912
144 0.9024
145 0.9104
146 0.9072
147 0.9088
148 0.9056
149 0.9024
150 0.904
151 0.9056
152 0.9072
153 0.9072
154 0.8992
155 0.9024
156 0.904
157 0.9072
158 0.8928
159 0.9072
160 0.9088
161 0.8976
162 0.904
163 0.9056
164 0.904
165 0.9008
166 0.8976
167 0.9024
168 0.9088
169 0.9008
170 0.9008
171 0.8976
172 0.8976
173 0.8976
174 0.8976
175 0.8944
176 0.8992
177 0.9008
178 0.8992
179 0.904
180 0.9024
181 0.8912
182 0.8992
183 0.896
184 0.8944
185 0.9072
186 0.8992
187 0.8944
188 0.8976
189 0.9024
190 0.8992
191 0.896
192 0.8976
193 0.8928
194 0.9008
195 0.8976
196 0.8912
197 0.8976
198 0.8912
199 0.8944
200 0.896
201 0.896
202 0.8944
203 0.8896
204 0.896
205 0.8944
206 0.8912
207 0.8976
208 0.8992
209 0.9008
210 0.8896
211 0.8896
212 0.8864
213 0.8944
214 0.9024
215 0.888
216 0.8928
217 0.8912
218 0.9008
219 0.8976
220 0.8944
221 0.8912
222 0.8976
223 0.896
224 0.8928
225 0.8912
226 0.8896
227 0.8848
228 0.8896
229 0.8992
230 0.9056
231 0.8928
232 0.888
233 0.896
234 0.8928
235 0.8976
236 0.8912
237 0.896
238 0.8976
239 0.896
240 0.896
241 0.896
242 0.8976
243 0.8944
244 0.8944
245 0.8944
246 0.8944
247 0.8976
248 0.8912
249 0.888
250 0.8928
251 0.8928
252 0.8992
253 0.8848
254 0.9024
255 0.8976
256 0.8928
257 0.888
258 0.8944
259 0.8976
260 0.8896
261 0.8992
262 0.8976
263 0.896
264 0.8976
265 0.8992
266 0.8928
267 0.9008
268 0.8928
269 0.8992
270 0.9008
271 0.8992
272 0.9072
273 0.8976
274 0.8976
275 0.8976
276 0.9056
277 0.904
278 0.8976
279 0.8992
280 0.904
281 0.8976
282 0.8992
283 0.9056
284 0.8992
285 0.9072
286 0.9008
287 0.9024
288 0.9008
289 0.8992
290 0.8976
291 0.904
292 0.9024
293 0.896
294 0.9056
295 0.9008
296 0.9072
297 0.9024
298 0.896
299 0.9024
300 0.9024
301 0.9008
302 0.904
303 0.9072
304 0.9024
305 0.9088
306 0.904
307 0.9136
308 0.9056
309 0.904
310 0.9104
311 0.9056
312 0.9008
313 0.9088
314 0.896
315 0.8976
316 0.904
317 0.9104
318 0.8992
319 0.912
320 0.9088
321 0.9136
322 0.9104
323 0.9104
324 0.9056
325 0.9088
326 0.9072
327 0.8992
328 0.904
329 0.9088
330 0.904
331 0.9056
332 0.9072
333 0.904
334 0.9104
335 0.9024
336 0.9088
337 0.9072
338 0.9088
339 0.9104
340 0.9072
341 0.9072
342 0.9088
343 0.9104
344 0.9136
345 0.9104
346 0.9056
347 0.9104
348 0.9072
349 0.9056
350 0.9136
351 0.9104
352 0.912
353 0.9088
354 0.9152
355 0.9088
356 0.912
357 0.9136
358 0.9088
359 0.9104
360 0.9088
361 0.9104
362 0.9072
363 0.904
364 0.9136
365 0.9072
366 0.9152
367 0.9104
368 0.9072
369 0.9136
370 0.9168
371 0.9104
372 0.9072
373 0.9136
374 0.9168
375 0.9136
376 0.9136
377 0.9104
378 0.912
379 0.912
380 0.9104
381 0.9168
382 0.912
383 0.9136
384 0.9152
385 0.912
386 0.92
387 0.912
388 0.92
389 0.9168
390 0.912
391 0.9168
392 0.9136
393 0.9136
394 0.9136
395 0.9088
396 0.9168
397 0.9136
398 0.9152
399 0.9184
400 0.9152
401 0.92
402 0.9168
403 0.9088
404 0.9152
405 0.9168
406 0.9152
407 0.9184
408 0.9168
409 0.9168
410 0.9104
411 0.9168
412 0.9152
413 0.9248
414 0.9168
415 0.9184
416 0.9152
417 0.9152
418 0.9216
419 0.92
420 0.9184
421 0.9184
422 0.9088
423 0.9104
424 0.9232
425 0.92
426 0.9136
427 0.9168
428 0.9184
429 0.9216
430 0.9248
431 0.9168
432 0.9184
433 0.92
434 0.9168
435 0.9184
436 0.92
437 0.9216
438 0.9152
439 0.9216
440 0.9232
441 0.9184
442 0.92
443 0.9184
444 0.92
445 0.92
446 0.9184
447 0.9232
448 0.9168
449 0.9184
450 0.9184
451 0.92
452 0.9232
453 0.92
454 0.9216
455 0.9232
456 0.9216
457 0.9184
458 0.9216
459 0.9232
460 0.92
461 0.9184
462 0.92
463 0.92
464 0.9248
465 0.92
466 0.9232
467 0.9232
468 0.92
469 0.9264
470 0.9184
471 0.9232
472 0.9184
473 0.9184
474 0.9264
475 0.9248
476 0.9232
477 0.9168
478 0.9232
479 0.9232
480 0.9248
481 0.9216
482 0.9248
483 0.9248
484 0.9232
485 0.9248
486 0.9232
487 0.9232
488 0.9232
489 0.9248
490 0.9232
491 0.9248
492 0.9216
493 0.9232
494 0.92
495 0.9248
496 0.9216
497 0.9248
498 0.9216
499 0.928
500 0.9232
