5 0.9564
6 0.9564
7 0.9564
8 0.9564
9 0.9528
10 0.9552
11 0.9576
12 0.9588
13 0.9576
14 0.9564
15 0.9552
16 0.9576
17 0.9576
18 0.9552
19 0.954
20 0.9576
21 0.954
22 0.9504
23 0.9528
24 0.9516
25 0.9516
26 0.9504
27 0.9516
28 0.9492
29 0.9504
30 0.948
31 0.9504
32 0.948
33 0.948
34 0.948
35 0.9468
36 0.9468
37 0.9456
38 0.9492
39 0.9456
40 0.9456
41 0.9456
42 0.9468
43 0.9444
44 0.9444
45 0.9444
46 0.9444
47 0.9408
48 0.9408
49 0.9408
50 0.9384
51 0.9396
52 0.9384
53 0.9396
54 0.9384
55 0.9384
56 0.936
57 0.9372
58 0.9324
59 0.9348
60 0.9336
61 0.9348
62 0.9348
63 0.9324
64 0.9336
65 0.9336
66 0.9324
67 0.93
68 0.9324
69 0.9276
70 0.9276
71 0.9276
72 0.9276
73 0.93
74 0.9252
75 0.9228
76 0.9252
77 0.9276
78 0.9228
79 0.9228
80 0.9228
81 0.9204
82 0.9216
83 0.9228
84 0.9192
85 0.9156
86 0.9192
87 0.9156
88 0.9144
89 0.912
90 0.9204
91 0.9156
92 0.9168
93 0.9108
94 0.9168
95 0.9132
96 0.9144
97 0.9072
98 0.9072
99 0.9132
100 0.9084
101 0.9072
102 0.9036
103 0.9036
104 0.9108
105 0.906
106 0.8976
107 0.9
108 0.9072
109 0.9096
110 0.9012
111 0.8976
112 0.906
113 0.9
114 0.9
115 0.906
116 0.9036
117 0.8916
118 0.8952
119 0.9
120 0.8952
121 0.8916
122 0.8964
123 0.8964
124 0.8844
125 0.8916
126 0.888
127 0.894
128 0.894
129 0.8928
130 0.894
131 0.8916
132 0.8856
133 0.8868
134 0.8916
135 0.8856
136 0.8892
137 0.888
138 0.8868
139 0.8832
140 0.8796
141 0.882
142 0.8808
143 0.8808
144 0.8784
145 0.882
146 0.8796
147 0.8772
148 0.8892
149 0.882
150 0.8772
151 0.8856
152 0.8844
153 0.8772
154 0.8664
155 0.8736
156 0.8772
157 0.8664
158 0.8736
159 0.8748
160 0.876
161 0.8748
162 0.8784
163 0.8748
164 0.8808
165 0.8724
166 0.87
167 0.87
168 0.8664
169 0.876
170 0.8736
171 0.8772
172 0.8712
173 0.8652
174 0.87
175 0.8712
176 0.8688
177 0.8652
178 0.8688
179 0.8712
180 0.8748
181 0.8664
182 0.8712
183 0.8688
184 0.8724
185 0.8652
186 0.8664
187 0.87
188 0.8652
189 0.8688
190 0.8604
191 0.8652
192 0.8676
193 0.8664
194 0.8628
195 0.8664
196 0.8628
197 0.8628
198 0.8664
199 0.8676
200 0.8604
201 0.87
202 0.8652
203 0.8724
204 0.8688
205 0.8604
206 0.8616
207 0.8712
208 0.87
209 0.8604
210 0.8712
211 0.8664
212 0.87
213 0.8652
214 0.8676
215 0.8616
216 0.8688
217 0.8676
218 0.8652
219 0.864
220 0.8652
221 0.8652
222 0.8592
223 0.8664
224 0.8616
225 0.8592
226 0.8688
227 0.864
228 0.8616
229 0.864
230 0.8628
231 0.8616
232 0.8652
233 0.864
234 0.8712
235 0.8724
236 0.864
237 0.8712
238 0.8784
239 0.8568
240 0.8688
241 0.8688
242 0.8616
243 0.8664
244 0.87
245 0.8688
246 0.8592
247 0.8688
248 0.8688
249 0.864
250 0.8724
251 0.8688
252 0.8712
253 0.8736
254 0.8628
255 0.8712
256 0.8628
257 0.8652
258 0.8664
259 0.8664
260 0.8652
261 0.8664
262 0.8628
263 0.8736
264 0.8748
265 0.8688
266 0.87
267 0.8712
268 0.876
269 0.87
270 0.8748
271 0.8712
272 0.8736
273 0.8652
274 0.8736
275 0.8664
276 0.8724
277 0.8688
278 0.8652
279 0.87
280 0.8796
281 0.87
282 0.8748
283 0.8676
284 0.8748
285 0.876
286 0.8664
287 0.876
288 0.876
289 0.8712
290 0.8736
291 0.8736
292 0.8676
293 0.8748
294 0.8712
295 0.8784
296 0.882
297 0.8832
298 0.8652
299 0.8736
300 0.876
301 0.8688
302 0.8772
303 0.8808
304 0.8748
305 0.8772
306 0.8772
307 0.8748
308 0.8784
309 0.87
310 0.8736
311 0.8784
312 0.87
313 0.8808
314 0.8796
315 0.8808
316 0.8796
317 0.8808
318 0.8796
319 0.876
320 0.8784
321 0.8736
322 0.8832
323 0.8712
324 0.8784
325 0.8808
326 0.8796
327 0.8772
328 0.8868
329 0.888
330 0.8844
331 0.8856
332 0.876
333 0.8832
334 0.8784
335 0.8856
336 0.8772
337 0.8808
338 0.8796
339 0.8808
340 0.8868
341 0.882
342 0.888
343 0.8904
344 0.882
345 0.8772
346 0.8832
347 0.8856
348 0.888
349 0.8808
350 0.8868
351 0.8856
352 0.888
353 0.876
354 0.8808
355 0.888
356 0.8868
357 0.8868
358 0.8772
359 0.8844
360 0.8808
361 0.8904
362 0.8868
363 0.8832
364 0.888
365 0.8808
366 0.888
367 0.8844
368 0.8844
369 0.8856
370 0.888
371 0.8856
372 0.888
373 0.8892
374 0.8856
375 0.8904
376 0.8904
377 0.8856
378 0.8928
379 0.8856
380 0.8856
381 0.8952
382 0.8928
383 0.8868
384 0.8928
385 0.8916
386 0.888
387 0.8904
388 0.8868
389 0.8928
390 0.888
391 0.888
392 0.8916
393 0.8904
394 0.8928
395 0.8856
396 0.8868
397 0.8868
398 0.8952
399 0.8904
400 0.8904
401 0.8988
402 0.8916
403 0.8916
404 0.8892
405 0.8928
406 0.8964
407 0.8952
408 0.888
409 0.8904
410 0.8964
411 0.894
412 0.8928
413 0.8964
414 0.8892
415 0.8952
416 0.8916
417 0.8976
418 0.894
419 0.8892
420 0.894
421 0.894
422 0.8952
423 0.8928
424 0.8976
425 0.8916
426 0.9
427 0.9
428 0.894
429 0.8976
430 0.8916
431 0.8952
432 0.8916
433 0.8916
434 0.8976
435 0.8952
436 0.8928
437 0.8976
438 0.8976
439 0.8952
440 0.894
441 0.8916
442 0.8916
443 0.9
444 0.8928
445 0.894
446 0.8952
447 0.8892
448 0.9
449 0.8988
450 0.9012
451 0.894
452 0.9
453 0.8988
454 0.8952
455 0.894
456 0.8964
457 0.9
458 0.8988
459 0.8988
460 0.8928
461 0.8988
462 0.9012
463 0.8964
464 0.8988
465 0.9012
466 0.9012
467 0.9096
468 0.9
469 0.9036
470 0.9024
471 0.894
472 0.8988
473 0.8988
474 0.9036
475 0.906
476 0.8988
477 0.8952
478 0.8988
479 0.9
480 0.8964
481 0.9036
482 0.9024
483 0.9012
484 0.9036
485 0.9012
486 0.9012
487 0.8976
488 0.8988
489 0.9048
490 0.9024
491 0.8964
492 0.8988
493 0.9012
494 0.8988
495 0.9036
496 0.9036
497 0.9036
498 0.9012
499 0.9036
500 0.8988
